Time	Mean	Median	Upper	Lower
1993.9480432376	9.3761153814	7.1797681235	30.4803742943	1.6780639402
1994.1118387148	9.7200281853	7.4841369326	31.174301612	1.7587892293
1994.2756341919	10.1067513452	7.7899767104	32.519074188	1.840220052
1994.4394296691	10.5468304963	8.1533535302	33.6726830126	1.9524866085
1994.6032251463	11.0289771139	8.5106954343	35.1908032645	2.04153173
1994.7670206234	11.5497252518	8.9615778728	36.6726859806	2.175294681
1994.9308161006	12.1266783458	9.4263784872	38.1908249238	2.2884820376
1995.0946115778	12.7477192149	9.939926926	39.8696716179	2.4457960071
1995.2584070549	13.407804292	10.5056473614	41.5808614829	2.6316752066
1995.4222025321	14.1181592109	11.150408588	43.1128938717	2.8261266648
1995.5859980093	14.8585509518	11.8130247765	44.9758895654	3.0659210413
1995.7497934864	15.6830083185	12.5183500782	46.7797314625	3.283986694
1995.9135889636	16.593986279	13.3010236629	49.1874432499	3.5668474256
1996.0773844408	17.5469295572	14.1428196271	51.8802164765	3.8803060367
1996.2411799179	18.545323832	15.0278422699	54.4738559861	4.2308340029
1996.4049753951	19.6000916758	15.9434605107	56.7417457832	4.5922013551
1996.5687708723	20.7353060015	16.9190981932	58.9356658323	5.0341205562
1996.7325663494	21.9353969755	17.949815973	62.3889133661	5.458114259
1996.8963618266	23.2292426368	19.1002293201	65.2060572827	5.952029569
1997.0601573038	24.5599885414	20.2881234269	68.7455205421	6.4768090602
1997.2239527809	25.9390606032	21.4881590936	71.9535709983	7.055925703
1997.3877482581	27.3662976893	22.7779492198	74.1406180041	7.6576795602
1997.5515437353	28.8252730195	24.0598902258	77.0602716887	8.3255977158
1997.7153392124	30.3224105165	25.4165455349	81.5549446078	8.8806519135
1997.8791346896	31.7930607027	26.7987485115	83.9611297605	9.6166064644
1998.0429301668	33.2233936369	28.2306660392	86.9393763679	10.4936895344
1998.206725644	34.556127275	29.5291926325	88.2425593447	11.3279167647
1998.3705211211	35.7837503403	30.7534886735	89.4901760995	12.1630273822
1998.5343165983	36.7876983289	31.768198138	90.4024108586	13.0200538905
1998.6981120755	37.5786812295	32.7769415805	90.3365950987	13.7693750559
1998.8619075526	38.0378273877	33.3880441806	88.7276324157	14.4708610537
1999.0257030298	38.1854293559	33.7771489981	86.7414090732	15.0455750151
1999.189498507	37.9951730607	33.8408496826	84.3504378786	15.4270142756
1999.3532939841	37.4499944229	33.5180856665	82.1998663007	15.7066108847
1999.5170894613	36.7997721581	32.9218101405	80.3457150604	15.6839953816
1999.6808849385	36.2625466014	32.5302841115	78.3797717693	15.4129099971
1999.8446804156	35.760045999	32.1857701296	77.1064592088	15.4639380487
2000.0084758928	34.9615480109	31.5247927453	75.3757496031	15.2256413614
2000.17227137	33.9785163495	30.5872242038	73.2757475879	14.8379263454
2000.3360668471	32.7034850235	29.5355650412	70.1785630466	14.1517210029
2000.4998623243	31.3569680497	28.3802474528	66.2210718394	13.5231872685
2000.6636578015	30.1482575739	27.3809991127	63.5737595105	13.0881964773
2000.8274532786	29.080820349	26.4472749616	60.995797865	12.7625978557
2000.9912487558	28.1957338186	25.6713084747	58.8604860826	12.5500909592
2001.155044233	27.469765597	25.0227231326	56.8544125369	12.3183230375
2001.3188397101	26.7512852904	24.3997268621	54.9923969742	12.0312549552
2001.4826351873	26.109240592	23.9144786168	53.6549496114	11.8197227503
2001.6464306645	25.5447552439	23.4487857877	51.2782710074	11.7904098742
2001.8102261416	25.0583385539	23.0485298507	50.1447009284	11.8609282074
2001.9740216188	24.3030336914	22.3569239871	48.3788538721	11.7762148015
2002.137817096	23.2501611866	21.4921952963	45.6373376748	11.41841788
2002.3016125731	21.8255060142	20.2276676465	42.1688847629	10.9282165723
2002.4654080503	19.9802904474	18.6359089564	37.7709180135	10.1870051201
2002.6292035275	18.207893661	17.1373389298	33.2609682425	9.5006228368
2002.7929990046	16.6134458435	15.7049296285	29.7670068027	8.7064873703
2002.9567944818	14.9630506394	14.1695245735	26.5661273291	7.8251127994
2003.120589959	14.2477745327	13.5368801745	24.9978205401	7.5006780289
2003.2843854361	13.5310515049	12.879239743	23.7062134108	7.1190346959
2003.4481809133	12.7397762485	12.1439073476	22.0538276107	6.7775475436
2003.6119763905	12.1946683052	11.6338508308	21.1121878072	6.5276047695
2003.7757718676	11.9522193771	11.3861147274	20.9009366763	6.4721441326
2003.9395673448	11.9160221039	11.3273722878	20.8694039184	6.4951959223
2004.103362822	11.6744947371	11.0951657099	20.3215346223	6.35337392
2004.2671582991	11.1884124778	10.6459873851	19.5777028739	6.0506515812
2004.4309537763	10.5343737241	10.0554581943	18.1405325555	5.7171459864
2004.5947492535	10.1194812188	9.7017646311	17.1980685599	5.5644544923
2004.7585447307	10.0182403123	9.5742840784	17.049955403	5.4968298139
2004.9223402078	10.142336864	9.6479365945	17.7461961256	5.4862416273
2005.086135685	10.4224170594	9.8678327848	18.6079977081	5.4739960749
2005.2499311622	10.7232992081	10.108683145	19.6014207314	5.5634154163
2005.4137266393	11.0204968894	10.3055492783	20.7162688455	5.5805029516
2005.5775221165	11.2326286905	10.3847228256	21.8954760613	5.5196312502
2005.7413175937	11.210751344	10.2557003325	22.6183376583	5.3531931582
2005.9051130708	10.8242115795	9.8064134126	22.8259080384	4.9219336769
2006.068908548	10.471594091	9.4667459159	22.0853469605	4.7542954932
2006.2327040252	10.2077862243	9.2160746947	21.5747564519	4.6438873081
2006.3964995023	9.9257197708	8.9211042522	21.3557826869	4.4964038836
2006.5602949795	9.5554640718	8.5594989525	20.661176799	4.2811124758
2006.7240904567	9.0297191521	8.0657618311	19.6877729174	4.0290988996
2006.8878859338	8.3334045301	7.4624004905	18.1933967051	3.6767213452
2007.051681411	7.6001366757	6.8139418841	16.6758219093	3.2731214411
2007.2154768882	6.8069293231	6.0992441506	15.0515202269	2.8732527243
2007.3792723653	5.9414220926	5.3205384621	13.1400310469	2.4534699171
2007.5430678425	5.0719147201	4.5791675253	11.0189290611	2.0876516169
2007.7068633197	4.332489857	3.9459945414	9.2215269469	1.781689581
2007.8706587968	3.7820676399	3.4665933606	7.8527732104	1.526706149
2008.034454274	3.4381294685	3.1814316632	6.9762674075	1.4062469083
2008.1982497512	3.173697181	2.9470448627	6.3821500132	1.3209705388
2008.3620452283	2.8978318898	2.7076357398	5.7321713934	1.2360937734
2008.5258407055	2.658705987	2.4853136628	5.1647458956	1.1579797562
2008.6896361827	2.5178338329	2.3554418794	4.8035169567	1.1387348519
2008.8534316598	2.4603069919	2.3016081323	4.7024159121	1.1555742873
2009.017227137	2.3728190635	2.2083085916	4.5837265053	1.114897105
2009.1810226142	2.2783949915	2.1226050046	4.3882362009	1.0635726048
2009.3448180913	2.1678215706	2.0120875791	4.2056788009	0.9972392639
2009.5086135685	2.0285450006	1.8700210481	4.0560855797	0.9076254664
2009.6724090457	1.8352473355	1.6791382749	3.8024236724	0.7796553276
2009.8362045228	1.6075161778	1.437393082	3.6132556674	0.6049360343
2010	1.548866425	1.3621851754	3.6920723137	0.4907422504
